4294967278,59
4294967278,58
4294967278,52
4294967279,60
4294967279,59
4294967279,53
4294967279,47
4294967279,41
4294967279,40
4294967279,39
4294967279,34
4294967279,29
4294967293,131
4294967293,130
4294967293,129
4294967293,128
4294967293,127
4294967293,126
4294967293,125
4294967293,124
4294967293,123
4294967293,122
4294967293,121
4294967293,120
4294967293,119
4294967293,118
4294967293,117
4294967293,116
4294967293,115
4294967293,114
4294967293,113
4294967293,112
4294967293,111
4294967293,110
4294967293,109
4294967293,108
4294967293,107
4294967293,106
4294967293,105
4294967293,104
4294967293,103
4294967293,102
4294967293,101
4294967293,100
4294967293,99
4294967293,98
4294967293,97
4294967293,96
4294967293,95
4294967293,94
4294967293,93
4294967293,92
4294967293,91
4294967293,90
4294967293,89
4294967293,87
4294967293,86
4294967293,85
4294967293,84
4294967293,83
4294967293,82
4294967293,81
4294967293,80
4294967293,79
4294967293,78
4294967293,77
4294967293,76
4294967293,75
4294967293,74
4294967293,73
4294967293,72
4294967293,71
4294967293,70
4294967293,69
4294967293,68
4294967293,67
4294967293,66
4294967293,65
4294967293,64
4294967293,63
4294967293,62
4294967293,61
4294967293,60
4294967293,59
4294967293,58
4294967293,57
4294967293,56
4294967293,55
4294967293,54
4294967293,53
4294967293,52
4294967293,51
4294967293,50
4294967293,49
4294967293,48
4294967293,47
4294967293,46
4294967293,45
4294967293,44
4294967293,43
4294967293,42
4294967293,41
4294967293,40
4294967293,39
4294967293,38
4294967293,37
4294967293,36
4294967293,35
4294967293,34
4294967293,33
4294967293,32
4294967293,31
4294967293,30
4294967293,29
4294967293,28
4294967293,27
4294967293,26
4294967293,25
4294967293,24
4294967293,23
4294967293,22
4294967293,21
4294967293,20
4294967293,19
4294967293,18
4294967293,17
4294967293,16
4294967293,15
4294967293,14
4294967293,13
4294967293,12
4294967293,11
4294967293,10
4294967293,9
4294967293,8
4294967293,7
4294967293,6
4294967293,5
4294967293,4
4294967293,3
4294967278,132
4294967278,130
4294967278,256
4294967278,129
4294967278,127
4294967278,252
4294967278,122
4294967278,343
4294967278,227
4294967278,108
4294967278,215
4294967278,102
4294967278,101
4294967278,338
4294967278,342
4294967278,96
4294967278,92
4294967278,91
4294967278,90
4294967278,89
4294967278,87
4294967278,337
4294967278,86
4294967278,80
4294967278,341
4294967278,69
4294967278,64
4294967278,60
4294967278,56
4294967278,55
4294967278,54
4294967278,53
4294967278,50
4294967278,49
4294967278,48
4294967278,315
4294967278,46
4294967278,45
4294967278,309
4294967278,40
4294967278,39
4294967278,38
4294967278,35
4294967278,303
4294967278,34
4294967278,33
4294967278,30
4294967278,29
4294967278,28
4294967278,294
4294967278,24
4294967278,23
4294967278,19
4294967278,18
4294967278,14
4294967278,13
4294967278,12
4294967278,9
4294967278,8
4294967278,263
4294967278,7
4294967278,174
4294967278,88
4294967278,0
4294967278,260
4294967279,132
4294967279,130
4294967279,253
4294967279,128
4294967279,127
4294967279,124
4294967279,123
4294967279,241
4294967279,116
4294967279,115
4294967279,235
4294967279,112
4294967279,2
4294967279,398
4294967279,229
4294967279,109
4294967279,108
4294967279,225
4294967279,107
4294967279,215
4294967279,102
4294967279,97
4294967279,395
4294967279,96
4294967279,95
4294967279,94
4294967279,92
4294967279,91
4294967279,89
4294967279,87
4294967279,86
4294967279,85
4294967279,84
4294967279,83
4294967279,81
4294967279,80
4294967279,397
4294967279,400
4294967279,57
4294967279,56
4294967279,54
4294967279,52
4294967279,50
4294967279,49
4294967279,46
4294967279,45
4294967279,44
4294967279,43
4294967279,42
4294967279,38
4294967279,37
4294967279,36
4294967279,35
4294967279,33
4294967279,32
4294967279,31
4294967279,396
4294967279,30
4294967279,28
4294967279,27
4294967279,26
4294967279,25
4294967279,24
4294967279,23
4294967279,22
4294967279,21
4294967279,270
4294967279,20
4294967279,268
4294967279,19
4294967279,18
4294967279,14
4294967279,13
4294967279,9
4294967279,8
4294967279,88
4294967279,274
4294967279,4
4294967294,1436
4294967294,1426
4294967294,978
4294967294,1423
4294967294,1116
4294967294,84
4294967294,8
4294967294,9
4294967278,336
4294967278,335
4294967278,334
4294967278,275
4294967279,267
4294967278,271
4294967278,281
4294967279,277
4294967294,936
4294967294,1441
4294967294,935
4294967294,933
4294967294,931
4294967294,929
4294967294,927
4294967294,926
4294967294,925
4294967294,924
4294967294,923
4294967294,921
4294967294,920
4294967294,918
4294967294,916
4294967294,915
4294967294,912
4294967294,983
4294967294,909
4294967294,906
4294967294,903
4294967294,901
4294967294,899
4294967294,898
4294967294,897
4294967294,895
4294967294,893
4294967294,889
4294967294,1017
4294967294,887
4294967294,884
4294967294,883
4294967294,879
4294967294,877
4294967294,876
4294967294,980
4294967294,870
4294967294,930
4294967294,866
4294967294,865
4294967294,862
4294967294,860
4294967294,859
4294967294,858
4294967294,857
4294967294,853
4294967294,852
4294967294,851
4294967294,850
4294967294,848
4294967294,847
4294967294,846
4294967294,845
4294967294,844
4294967294,843
4294967294,841
4294967294,840
4294967294,837
4294967294,836
4294967294,833
4294967294,832
4294967294,831
4294967294,829
4294967294,826
4294967294,825
4294967294,824
4294967294,822
4294967294,821
4294967294,820
4294967294,819
4294967294,818
4294967294,817
4294967294,813
4294967294,812
4294967294,810
4294967294,807
4294967294,801
4294967294,799
4294967294,795
4294967294,793
4294967294,792
4294967294,790
4294967294,788
4294967294,786
4294967294,785
4294967294,783
4294967294,782
4294967294,655
4294967294,781
4294967294,780
4294967294,778
4294967294,777
4294967294,1437
4294967294,775
4294967294,773
4294967294,771
4294967294,468
4294967294,770
4294967294,769
4294967294,768
4294967294,767
4294967294,501
4294967294,765
4294967294,764
4294967294,763
4294967294,762
4294967294,761
4294967294,759
4294967294,758
4294967294,756
4294967294,755
4294967294,754
4294967294,751
4294967294,130
4294967294,749
4294967294,748
4294967294,747
4294967294,745
4294967294,744
4294967294,743
4294967294,1794
4294967294,648
4294967294,737
4294967294,736
4294967294,735
4294967294,734
4294967294,733
4294967294,732
4294967294,725
4294967294,724
4294967294,976
4294967294,723
4294967294,1796
4294967294,722
4294967294,719
4294967294,715
4294967294,711
4294967294,1795
4294967294,643
4294967294,707
4294967294,1016
4294967294,706
4294967294,639
4294967294,637
4294967294,636
4294967294,635
4294967294,1798
4294967294,633
4294967294,632
4294967294,645
4294967294,629
4294967294,627
4294967294,626
4294967294,625
4294967294,624
4294967294,622
4294967294,621
4294967294,618
4294967294,616
4294967294,615
4294967294,612
4294967294,610
4294967294,52
4294967294,0
4294967294,607
4294967294,604
4294967294,602
4294967294,598
4294967294,595
4294967294,593
4294967294,982
4294967294,592
4294967294,591
4294967294,659
4294967294,590
4294967294,587
4294967294,586
4294967294,585
4294967294,583
4294967294,582
4294967294,580
4294967294,579
4294967294,576
4294967294,970
4294967294,569
4294967294,566
4294967294,560
4294967294,558
4294967294,557
4294967294,554
4294967294,552
4294967294,549
4294967294,654
4294967294,640
4294967294,547
4294967294,571
4294967294,1197
4294967294,651
4294967294,543
4294967294,642
4294967294,542
4294967294,664
4294967294,541
4294967294,540
4294967294,539
4294967294,662
4294967294,538
4294967294,658
4294967294,649
4294967294,641
4294967294,661
4294967294,572
4294967294,537
4294967294,650
4294967294,814
4294967294,574
4294967294,656
4294967294,811
4294967294,427
4294967294,1433
4294967294,1204
4294967294,133
4294967294,1176
4294967294,1621
1,3
1,0
4294967294,1414
4294967294,1438
4294967294,977
4294967294,1556
4294967294,1555
4294967294,1554
4294967294,701
4294967294,1179
4294967294,1468
4294967294,1215
4294967294,1208
4294967294,1202
4294967294,1199
4294967294,1549
4294967294,1212
4294967294,1548
4294967294,1547
4294967294,1616
4294967294,1546
4294967294,1613
4294967294,1612
4294967294,1614
4294967294,1606
4294967294,1545
4294967294,442
4294967294,1544
4294967294,1205
4294967294,1605
4294967294,1600
4294967294,1539
4294967294,535
4294967294,1538
4294967294,1536
4294967294,1464
4294967294,1537
4294967294,454
4294967294,1420
4294967294,1174
4294967294,1471
4294967294,1467
4294967294,408
4294967294,392
4294967294,424
4294967294,1462
4294967294,984
4294967294,1465
4294967294,1461
4294967294,1463
4294967294,513
4294967294,1453
4294967294,393
4294967294,1455
4294967294,1449
4294967294,1428
4294967294,429
4294967294,125
4294967294,1475
4294967294,1474
4294967294,1473
4294967294,1472
4294967294,383
4294967294,381
4294967294,382
4294967294,380
4294967294,379
4294967294,378
4294967294,377
4294967294,376
4294967294,375
4294967294,374
4294967294,373
4294967294,372
4294967294,371
4294967279,394
4294967278,332
4294967279,393
4294967279,392
4294967294,1416
4294967294,452
4294967294,417
4294967294,177
4294967294,394
4294967294,390
4294967294,384
4294967294,420
4294967294,411
4294967294,398
4294967294,409
4294967294,404
4294967294,403
4294967294,401
4294967294,399
4294967294,451
4294967294,443
4294967294,158
4294967294,181
4294967294,184
4294967294,180
4294967294,981
4294967294,190
4294967294,673
4294967294,391
4294967294,1413
4294967294,187
4294967294,182
4294967294,169
4294967294,176
4294967294,1099
4294967294,1098
4294967294,1100
4294967294,1096
4294967294,183
4294967294,370
4294967294,369
4294967294,368
4294967294,367
4294967294,366
4294967294,174
4294967294,364
4294967294,365
4294967294,179
4294967294,363
4294967294,362
4294967294,361
4294967294,360
4294967294,359
4294967294,358
4294967294,357
4294967294,356
4294967294,355
4294967294,354
4294967294,172
4294967294,171
4294967294,173
4294967294,170
4294967294,188
4294967294,163
4294967294,160
4294967294,167
4294967294,353
4294967294,352
4294967294,1095
4294967294,351
4294967294,1097
4294967294,350
4294967294,349
4294967294,347
4294967294,348
4294967294,329
4294967294,328
4294967294,327
4294967294,326
